[gd_scene load_steps=2 format=3 uid="uid://d2jwr8hbnui15"]

[ext_resource type="Script" path="res://scripts/view_model_camera.gd" id="1_oh3vu"]

[node name="view_model_camera" type="Camera3D"]
cull_mask = 1047554
fov = 35.0
script = ExtResource("1_oh3vu")

[node name="fps_rig" type="Node3D" parent="."]

[node name="rig_anchor" type="Node3D" parent="fps_rig"]
transform = Transform3D(0.75, 0, 0, 0, 0.75, 0, 0, 0, 0.75, -0.15, -0.25, -1.5)

[node name="_gun_" type="CSGBox3D" parent="fps_rig/rig_anchor"]
transform = Transform3D(0.998738, 0, 0.0502269, 0.001837, 0.999331, -0.0365278, -0.0501933, 0.0365739, 0.998069, 0.366053, 0.0241873, 0.399046)
layers = 2
size = Vector3(0.125, 0.25, 0.75)

[node name="hand_right" type="CSGBox3D" parent="fps_rig/rig_anchor"]
transform = Transform3D(0.959937, 0.0548542, 0.274793, 1.86265e-09, 0.980652, -0.195758, -0.280214, 0.187915, 0.941365, 0.412352, -0.0975017, 0.992281)
layers = 2
size = Vector3(0.125, 0.125, 0.75)

[node name="hand_left" type="CSGBox3D" parent="fps_rig/rig_anchor"]
transform = Transform3D(0.798278, 0, -0.602289, -0.0894086, 0.98892, -0.118503, 0.595616, 0.148448, 0.789433, 0.0562504, -0.125675, 0.486481)
layers = 2
size = Vector3(0.125, 0.125, 0.75)
